shape
stabvert
normal
0|2.46126|0.950408
0|3.91723|1.30523
0|4.34115|1.95725
0|4.90952|1.86274
0|4.72315|0.975705
endshape

shape
stableft
normal
0.195343|3.42588|0.764283
0.195343|4.61847|0.764283
2.28612|4.47767|0.764283
2.28612|3.92052|0.764283
endshape

shape
stabright
normal
-0.195343|3.42588|0.764283
-0.195343|4.61847|0.764283
-2.28612|4.47767|0.764283
-2.28612|3.92052|0.764283
endshape

shape
backplate
normal
0.207191|4.77814|1.00094
-0.207191|4.77814|1.00094
-0.207191|4.92232|0.61245
0.207191|4.92232|0.61245
endshape

shape
backtop
normal
0.207191|4.77814|1.00094
-0.207191|4.77814|1.00094
-0.716623|0.943535|0.997867
0.716623|0.943535|0.997867
endshape

shape
backbottom
normal
0.723798|0.951089|-0.580569
-0.723798|0.951089|-0.580569
-0.207191|4.92232|0.61245
0.207191|4.92232|0.61245
endshape

shape
backsideleft
normal
0.207191|4.92232|0.61245
0.723798|0.951089|-0.580569
0.716623|0.943535|0.997867
0.207191|4.77814|1.00094
endshape

shape
backsideright
normal
-0.207191|4.92232|0.61245
-0.723798|0.951089|-0.580569
-0.716623|0.943535|0.997867
-0.207191|4.77814|1.00094
endshape

shape
backwindowframe
normal
0.433282|0.139923|1.93765
0.716623|0.943535|0.997867
-0.716623|0.943535|0.997867
-0.433282|0.139923|1.93765
endshape

shape
backwindowglass
glass
0.591665|0.848749|1.1103
0.384693|0.220391|1.84477
-0.384693|0.220391|1.84477
-0.591665|0.848749|1.1103
endshape

shape
sidewindowleftframe
normal
0.433282|0.139923|1.93765
0.716623|0.943535|0.997867
0.749728|-1.74802|1.00484
0.515823|-1.33498|1.93765
endshape

shape
sidewindowleftglass
glass
0.53618|-1.24935|1.82969
0.473884|0.091827|1.82969
0.683934|0.677893|1.11936
0.720366|-1.56597|1.11936
endshape

shape
sidewindowrightframe
normal
-0.433282|0.139923|1.93765
-0.716623|0.943535|0.997867
-0.749728|-1.74802|1.00484
-0.515823|-1.33498|1.93765
endshape

shape
sidewindowrightglass
glass
-0.53618|-1.24935|1.82969
-0.471884|0.091827|1.82969
-0.681934|0.677893|1.11936
-0.718366|-1.56597|1.11936
endshape

shape
roof
normal
0.433282|0.139923|1.93765
0.515733|-1.33776|1.93887
-0.515733|-1.33776|1.93887
-0.433282|0.139923|1.93765
endshape

shape
wingbottomleft
normal
0.433282|0.139923|1.93765
0.515733|-1.33776|1.93887
6.1774|-1.33895|1.93765
6.10659|-0.25206|1.93765
endshape

shape
wingbottomright
normal
-0.433282|0.139923|1.93765
-0.515733|-1.33776|1.93887
-6.1774|-1.33895|1.93765
-6.10659|-0.25206|1.93765
endshape

shape
middlesideleft
normal
0.749619|-1.83789|-0.582279
0.723798|0.951089|-0.580569
0.716623|0.943535|0.997867
0.749728|-1.74802|1.00484
endshape

shape
middlesideright
normal
-0.749619|-1.83789|-0.582279
-0.723798|0.951089|-0.580569
-0.716623|0.943535|0.997867
-0.749728|-1.74802|1.00484
endshape

shape
frontsideleft
normal
0.749619|-1.83789|-0.582279
0.749728|-1.74802|1.00484
0.568798|-3.8444|0.883821
0.568798|-3.8444|0.351069
endshape

shape
frontsideright
normal
-0.749619|-1.83789|-0.582279
-0.749728|-1.74802|1.00484
-0.568798|-3.8444|0.883821
-0.568798|-3.8444|0.351069
endshape
